$ 1 0.000005 10.20027730826997 50 5 50 5e-11
a 144 288 224 288 8 15 -15 1000000 0.0000017319455785407497 0 100000
a 288 304 368 304 8 15 -15 1000000 0.0000059217926369355875 0 100000
a 432 320 512 320 8 15 -15 1000000 0.0000023889117536884356 0 100000
a 320 176 240 176 8 15 -15 1000000 -0.000005921674203451518 0 100000
r 224 288 288 288 0 100
r 144 208 224 208 0 100
c 144 240 224 240 4 0.00001 0.1731962897996535 0.001 0
w 224 240 224 288 0
w 224 240 224 208 0
w 144 208 144 240 0
w 144 240 144 272 0
g 144 304 144 320 0 0
g 288 320 288 336 0 0
g 432 336 432 352 0 0
g 320 192 320 208 0 0
c 288 256 368 256 4 0.00001 0.5921851854861957 0.001 0
w 368 256 368 304 0
w 288 256 288 288 0
r 320 160 368 160 0 100
r 320 128 240 128 0 100
w 368 160 368 256 0
w 320 128 320 160 0
w 240 128 240 176 0
d 240 128 144 128 3 default
w 144 128 144 208 0
r 368 304 432 304 0 100
c 432 272 512 272 4 0.00001 0.23889356428059724 0.001 0
w 432 272 432 304 0
w 512 272 512 320 0
r 144 96 512 96 0 100
w 512 96 512 272 0
w 144 96 144 128 0
O 224 288 224 320 0 0
O 368 304 368 336 0 0
O 512 320 512 352 0 0
o 32 64 0 4290 5 3.2 0 2 34 0
o 33 64 0 4290 2.3384026197294445 2.993155353253689 1 2 32 0
o 34 64 0 4290 5 1.6 2 2 33 0
